#% de presenças em plenario durante o ano de 2016, dados retirados de http://www2.camara.leg.br/
84.0
84.1
74.5
100.0
100.0
98.9
78.7
95.7
73.4
95.7
91.5
90.4
85.1
97.9
81.9
100.0
87.2
84.0
87.2
97.9
85.9
87.2
91.5
89.4
92.6
94.7
94.7
90.4
79.8
97.9
93.3
90.0
90.7
93.0
92.6
94.7
93.6
100.0
94.7
77.7
100.0
87.2
97.9
89.4
88.9
96.8
84.0
97.9
90.4
88.3
96.8
98.9
87.2
71.3
95.7
100.0
85.1
93.0
92.6
83.0
87.2
96.8
89.4
92.6
79.8
90.4
93.6
77.7
84.0
87.2
96.8
91.5
88.3
91.5
87.2
86.2
90.7
93.6
97.9
85.1
88.9
91.5
100.0
100.0
89.4
92.6
76.6
96.8
100.0
97.9
93.3
95.7
87.5
86.2
83.0
72.3
83.3
92.6
97.9
96.8
87.2
76.6
95.7
100.0
92.6
